400  0.007665
401  0.007377
402  0.007089
403  0.006836
404  0.006618
405  0.0064
406  0.006226
407  0.006052
408  0.005875
409  0.005695
410  0.005515
411  0.005468
412  0.005421
413  0.005387
414  0.005366
415  0.005345
416  0.005336
417  0.005327
418  0.005332001
419  0.005351
420  0.00537
421  0.005415
422  0.00546
423  0.005489
424  0.005502
425  0.005515
426  0.005528
427  0.005541
428  0.005563
429  0.005594
430  0.005625
431  0.005708
432  0.005791
433  0.005891
434  0.006008
435  0.006125
436  0.00629
437  0.006455
438  0.006625
439  0.0068
440  0.006975
441  0.007242
442  0.007509
443  0.00777
444  0.008025
445  0.00828
446  0.008583
447  0.008886
448  0.009202
449  0.009531001
450  0.00986
451  0.010019001
452  0.010178
453  0.010283
454  0.010334
455  0.010385
456  0.010439999
457  0.010495
458  0.010577001
459  0.010686001
460  0.010795
461  0.010877
462  0.010958999
463  0.011021
464  0.011063
465  0.011105
466  0.011153
467  0.011201001
468  0.01128
469  0.011390001
470  0.0115
471  0.011705
472  0.01191
473  0.012135
474  0.01238
475  0.012625
476  0.012910001
477  0.013195001
478  0.01347
479  0.013735
480  0.014
481  0.0141
482  0.0142
483  0.01431
484  0.01443
485  0.01455
486  0.01473
487  0.014909999
488  0.01507
489  0.015209999
490  0.015349999
491  0.0172875
492  0.018075
493  0.0188575
494  0.019634999
495  0.020412499
496  0.02126
497  0.0221075
498  0.022930001
499  0.0237275
500  0.024525001
501  0.026969999
502  0.02809
503  0.029210001
504  0.03033
505  0.03145
506  0.032570001
507  0.033690002
508  0.034809999
509  0.03593
510  0.037050001
511  0.038170002
512  0.039290003
513  0.040410001
514  0.041529998
515  0.042649999
516  0.04377
517  0.044890001
518  0.046009999
519  0.047129996
520  0.048249997
521  0.048450001
522  0.048649997
523  0.04885
524  0.04905
525  0.049249999
526  0.049450003
527  0.049649999
528  0.049850002
529  0.050049998
530  0.050250001
531  0.051035002
532  0.051820002
533  0.052605003
534  0.05339
535  0.054175001
536  0.054960001
537  0.055744998
538  0.056529999
539  0.057314999
540  0.0581
541  0.058964998
542  0.059830002
543  0.060695
544  0.061560001
545  0.062425002
546  0.06329
547  0.064154997
548  0.065020002
549  0.065885007
550  0.066750005
551  0.067320004
552  0.067890003
553  0.068460003
554  0.069030002
555  0.069600001
556  0.07017
557  0.070739999
558  0.071309999
559  0.071879998
560  0.072449997
561  0.073265001
562  0.074079998
563  0.074894994
564  0.075709999
565  0.076525003
566  0.077339999
567  0.078154996
568  0.07897
569  0.079784997
570  0.080599993
571  0.082604997
572  0.08461
573  0.086614996
574  0.08862
575  0.090625003
576  0.092629999
577  0.094634995
578  0.096639998
579  0.098645002
580  0.100649998
581  0.105635002
582  0.110620007
583  0.115604997
584  0.120590001
585  0.125575006
586  0.130559996
587  0.135545
588  0.14052999
589  0.145514995
590  0.148275003
591  0.157325
592  0.166375004
593  0.175379999
594  0.18434
595  0.193300001
596  0.203230008
597  0.213160008
598  0.223320007
599  0.233709998
600  0.244099997
601  0.240370005
602  0.247539997
603  0.253319979
604  0.25770998
605  0.262099981
606  0.265389979
607  0.268679976
608  0.271600008
609  0.274150014
610  0.27670002
611  0.278120011
612  0.279540002
613  0.280879974
614  0.282140017
615  0.283399999
616  0.284979999
617  0.286559999
618  0.288329989
619  0.290289998
620  0.292249978
621  0.293850005
622  0.295449972
623  0.296739995
624  0.297720015
625  0.298700005
626  0.300599992
627  0.30250001
628  0.303820014
629  0.304560006
630  0.305299997
631  0.307379991
632  0.309459984
633  0.31092
634  0.311760008
635  0.312600017
636  0.314400017
637  0.316200018
638  0.317660004
639  0.318780005
640  0.319899976
641  0.323139995
642  0.326380014
643  0.328800023
644  0.33039999
645  0.331999987
646  0.334999979
647  0.338
648  0.340499997
649  0.342500001
650  0.344500005
651  0.350650012
652  0.35680002
653  0.362450004
654  0.367599994
655  0.372749984
656  0.379700005
657  0.386649996
658  0.393100023
659  0.399049997
660  0.405000001
661  0.409299999
662  0.413600028
663  0.416999996
664  0.419499993
665  0.421999991
666  0.424899995
667  0.4278
668  0.430299997
669  0.432399988
670  0.434500009
671  0.437300026
672  0.440100014
673  0.442000002
674  0.443000019
675  0.444000006
676  0.447600007
677  0.451200008
678  0.45389998
679  0.45569998
680  0.457499981
681  0.462599993
682  0.467700005
683  0.472299993
684  0.476400018
685  0.480499983
686  0.486199975
687  0.491899967
688  0.497399986
689  0.502699971
690  0.508000016
691  0.519899964
692  0.531799972
693  0.543599963
694  0.555299997
695  0.567000031
696  0.581099987
697  0.595199943
698  0.609200001
699  0.623100042
700  0.636999965
701  0.654249966
702  0.671499968
703  0.688949943
704  0.70660001
705  0.724249959
706  0.744099975
707  0.76394999
708  0.785699964
709  0.809350014
710  0.833000004
711  0.866899967
712  0.90079999
713  0.935299993
714  0.970399976
715  1.005499959
716  1.044399977
717  1.083299994
718  1.112600029
719  1.148549974
720  1.184500039
721  1.24425
722  1.30400002
723  1.364150047
724  1.424700022
725  1.485249996
726  1.551400006
727  1.617550015
728  1.674249947
729  1.736000061
730  1.799000025
731  1.85710001
732  1.915199995
733  1.973300099
734  2.031399965
735  2.08949995
736  2.147600174
737  2.205700159
738  2.263800144
739  2.321900129
740  2.380000114
741  2.389000177
742  2.398000002
743  2.407000065
744  2.416000128
745  2.425000191
746  2.434000015
747  2.443000078
748  2.452000141
749  2.460999966
750  2.470000029
751  2.52506575
752  2.528975099
753  2.531574637
754  2.53305164
755  2.533580154
756  2.533318013
757  2.532406002
758  2.530968219
759  2.529107898
760  2.526909322
761  2.524436861
762  2.521734029
763  2.518824309
764  2.515711159
765  2.512378961
766  2.508793265
767  2.504903048
768  2.50064078
769  2.495925218
770  2.490662187
771  2.484748572
772  2.478072315
773  2.470517188
774  2.461964577
775  2.452297896
776  2.441404372
777  2.429179817
778  2.415533036
779  2.400390118
780  2.383696467
781  2.365426093
782  2.345581859
783  2.324204892
784  2.301376969
785  2.2772291
786  2.251945227
787  2.225769967
788  2.199014574
789  2.17206499
790  2.145387024
791  2.119535595
792  2.095161468
793  2.073019475
794  2.053976148
795  2.039019018
796  2.029264718
797  2.02596876
798  2.030532807
799  2.044516951
800  2.069646627
801  2.062380571
802  2.055114516
803  2.04784846
804  2.040582405
805  2.03331635
806  2.026050294
807  2.018784239
808  2.011518183
809  2.004252128
810  1.996986073
811  2.027569931
812  2.061624836
813  2.098765057
814  2.138640713
815  2.180934619
816  2.225361448
817  2.271664869
818  2.319615703
819  2.369009834
820  2.41966654
821  2.471426647
822  2.524150442
823  2.577716719
824  2.632020514
825  2.686971199
826  2.742492002
827  2.798517983
828  2.854994606
829  2.911876421
830  2.969126057
831  3.026712667
832  3.084611397
833  3.142801594
834  3.201266211
835  3.259991001
836  3.318963062
837  3.378170829
838  3.437602591
839  3.497246306
840  3.557088654
841  3.617114734
842  3.677307587
843  3.737647068
844  3.798110735
845  3.858672302
846  3.919302117
847  3.979966979
848  4.040629547
849  4.101248812
850  4.161779623
851  4.222173285
852  4.282377254
853  4.342335384
854  4.401988637
855  4.461274784
856  4.520129185
857  4.578485321
858  4.636274677
859  4.69342823
860  4.749876332
861  4.805549782
862  4.860380601
863  4.914302748
864  4.967252951
865  5.019171905
866  5.070004981
867  5.119703721
868  5.168226492
869  5.215540033
870  5.261620652
871  5.306455534
872  5.350044113
873  5.39239968
874  5.433550518
875  5.473542225
876  5.512438308
877  5.550323289
878  5.587302815
879  5.623507183
880  5.659091752
881  5.694240104
882  5.729164999
883  5.764111947
884  5.79935969
885  5.835223179
886  5.872056436
887  5.910253566
888  5.950252693
889  5.992537033
890  6.037638586
891  6.086139929
892  6.138676833
893  6.195941966
894  6.258686733
895  6.327724379
896  6.40393294
897  6.488258254
898  6.581717055
899  6.68540008
900  6.800474744